"mean","SD","P+","2.5%","5%","50%","95%","97.5%"
"L ACC",0.02,0.015,0.9074,-0.0097,-0.005,0.0201,0.0447,0.0494
"L ant. Caudate",0.0313,0.0165,0.9708,-0.0011,0.0041,0.0313,0.0583,0.0637
"L ant. dorsal Insula",0.0288,0.0154,0.9675,-0.0018,0.0033,0.0288,0.0542,0.0589
"L ant. Hippocampus",-0.1089,0.0214,0,-0.1514,-0.1443,-0.1088,-0.0736,-0.0668
"L ant. MCC",0.0889,0.0183,1,0.0533,0.059,0.0889,0.1188,0.1246
"L ant. Putamen",0.0044,0.0183,0.593,-0.0315,-0.0256,0.0044,0.0346,0.0401
"L ant. Thalamus",0.0296,0.0169,0.9605,-0.0035,0.0018,0.0295,0.0573,0.0628
"L ant. ventral Insula",0.0046,0.018,0.6018,-0.031,-0.0251,0.0047,0.0341,0.04
"L BLBM Amygdala",-0.0211,0.0214,0.1616,-0.0633,-0.0563,-0.0211,0.0142,0.0209
"L BST",0.0336,0.0318,0.856,-0.0287,-0.0185,0.0334,0.0858,0.0964
"L CeMe Amygdala",-0.0606,0.0267,0.0117,-0.1133,-0.1049,-0.0605,-0.0167,-0.0085
"L Crus II",-0.0167,0.0155,0.1388,-0.0472,-0.0423,-0.0166,0.0087,0.0137
"L dlPFC",0.0177,0.0178,0.8392,-0.0174,-0.0118,0.0177,0.047,0.0523
"L Hippocampus body",-0.0636,0.0175,1e-04,-0.0981,-0.0923,-0.0635,-0.0351,-0.0297
"L Hippocampus tail",-0.034,0.0177,0.0274,-0.0689,-0.0632,-0.034,-0.0048,7e-04
"L Hypothalamus",0.033,0.0277,0.8815,-0.0217,-0.0127,0.0332,0.0783,0.0871
"L lat. OFC",-0.0585,0.0204,0.0019,-0.0986,-0.0921,-0.0585,-0.0251,-0.0185
"L Lobule IX",-0.0537,0.0169,6e-04,-0.0869,-0.0817,-0.0537,-0.0258,-0.0204
"L med. OFC",-0.0667,0.0168,0,-0.1002,-0.0946,-0.0667,-0.0393,-0.034
"L mid/post Insula",-0.0434,0.0146,0.0016,-0.0721,-0.0675,-0.0433,-0.0195,-0.0149
"L PAG",0.0406,0.0256,0.9441,-0.0091,-0.0013,0.0405,0.0828,0.0914
"L PCC",-0.1336,0.0237,0,-0.1798,-0.1725,-0.1336,-0.0946,-0.0867
"L PCC/precuneus",-0.1533,0.0295,0,-0.2121,-0.2024,-0.1531,-0.1052,-0.0961
"L post. Caudate",-0.0019,0.0194,0.4597,-0.0404,-0.0337,-0.002,0.0303,0.0362
"L post. Putamen",-0.0612,0.0211,0.0022,-0.1026,-0.0958,-0.0612,-0.0266,-0.02
"L post. Thalamus",-0.038,0.0158,0.0084,-0.0692,-0.0642,-0.0379,-0.0124,-0.0071
"L pre-SMA",0.0368,0.0192,0.971,-0.0012,0.0049,0.0368,0.0684,0.0743
"L Ventral striatum",-0.0064,0.0182,0.3642,-0.042,-0.0363,-0.0064,0.0235,0.0291
"M PCC",-0.111,0.0254,0,-0.1609,-0.1529,-0.1109,-0.0693,-0.061
"M vmPFC1",-0.0763,0.0214,2e-04,-0.1185,-0.1116,-0.0762,-0.0414,-0.0346
"M vmPFC2",-0.0027,0.0198,0.4488,-0.0416,-0.0355,-0.0026,0.0298,0.0363
"R ACC",0.0274,0.0159,0.957,-0.0037,0.0011,0.0276,0.0533,0.0586
"R ant. Caudate",0.0392,0.0166,0.9905,0.0066,0.0118,0.0392,0.0665,0.0719
"R ant. dorsal Insula",0.0647,0.0161,1,0.0329,0.0381,0.0648,0.0912,0.0966
"R ant. Hippocampus",-0.0977,0.0202,0,-0.1378,-0.1308,-0.0976,-0.0643,-0.0582
"R ant. MCC",0.0847,0.0188,1,0.048,0.0538,0.0848,0.1155,0.1215
"R ant. Putamen",0.022,0.016,0.9151,-0.0093,-0.0043,0.022,0.0484,0.0533
"R ant. Thalamus",0.012,0.0188,0.7382,-0.0248,-0.0188,0.012,0.0431,0.049
"R ant. ventral Insula",0.016,0.0187,0.8051,-0.0204,-0.0146,0.0159,0.0468,0.0528
"R BLBM Amygdala",-0.0823,0.0219,0,-0.1252,-0.1181,-0.0823,-0.0461,-0.0391
"R BST",0.1037,0.0311,0.9996,0.0428,0.0528,0.1035,0.1548,0.1655
"R CeMe Amygdala",-0.0486,0.0219,0.0127,-0.0916,-0.0849,-0.0485,-0.0132,-0.0062
"R dlPFC",0.049,0.0174,0.9973,0.0146,0.0202,0.049,0.0774,0.0831
"R Hippocampus body",-0.0507,0.0171,0.0016,-0.0845,-0.0792,-0.0507,-0.0225,-0.0172
"R Hippocampus tail",-0.045,0.0176,0.0054,-0.0794,-0.0738,-0.0451,-0.0162,-0.0106
"R Hypothalamus",0.0187,0.0297,0.7332,-0.0397,-0.0302,0.0187,0.0677,0.0778
"R lat. OFC",-0.06,0.0226,0.0042,-0.1044,-0.097,-0.0601,-0.0228,-0.0157
"R Lobule IX",-0.0324,0.0163,0.022,-0.0642,-0.0594,-0.0323,-0.0057,-9e-04
"R med. OFC",-0.0289,0.0162,0.0368,-0.0605,-0.0556,-0.0288,-0.0023,0.0027
"R mid/post Insula",-0.0215,0.0151,0.0786,-0.0513,-0.0464,-0.0215,0.0035,0.008
"R PAG",0.0411,0.0276,0.9317,-0.0129,-0.0043,0.0411,0.0866,0.095
"R PCC",-0.1787,0.0273,0,-0.2328,-0.224,-0.1785,-0.1343,-0.1256
"R PCC/precuneus",-0.1655,0.0314,0,-0.2276,-0.2178,-0.1655,-0.114,-0.1045
"R post. Caudate",-0.0291,0.0209,0.0809,-0.0701,-0.0636,-0.0292,0.0052,0.012
"R post. Putamen",-0.0249,0.0173,0.0735,-0.0587,-0.0535,-0.025,0.0033,0.009
"R post. Thalamus",-0.0176,0.0166,0.1445,-0.0504,-0.0451,-0.0175,0.0093,0.0147
"R pre-SMA",0.082,0.0224,0.9999,0.0386,0.0454,0.0818,0.1189,0.1259
"R Ventral striatum",0.0044,0.0187,0.5941,-0.0324,-0.0264,0.0044,0.0349,0.0412
