"mean","SD","P+","2.5%","5%","50%","95%","97.5%"
"L ACC",-0.0027,0.0271,0.4564,-0.0549,-0.0467,-0.003,0.0428,0.0511
"L ant. Caudate",0.0022,0.0278,0.5276,-0.0519,-0.0429,0.0017,0.0486,0.0581
"L ant. dorsal Insula",-0.0076,0.0266,0.3835,-0.0596,-0.0512,-0.0077,0.0368,0.0451
"L ant. Hippocampus",-0.0153,0.0264,0.281,-0.0672,-0.0586,-0.0153,0.028,0.0364
"L ant. MCC",-0.0027,0.0271,0.4522,-0.0547,-0.0462,-0.0032,0.0426,0.0516
"L ant. Putamen",-0.003,0.0272,0.4456,-0.055,-0.0468,-0.0035,0.0427,0.0521
"L ant. Thalamus",0.003,0.0279,0.5324,-0.0502,-0.0416,0.0023,0.05,0.0595
"L ant. ventral Insula",-0.0043,0.0269,0.4329,-0.0564,-0.048,-0.0047,0.0402,0.049
"L BLBM Amygdala",-0.0193,0.0276,0.2408,-0.0734,-0.0644,-0.0193,0.0261,0.0346
"L CeMe Amygdala",-0.0157,0.027,0.2759,-0.0685,-0.06,-0.0159,0.0283,0.0377
"L Crus II",-0.0136,0.0265,0.2994,-0.0649,-0.0571,-0.0135,0.0298,0.0385
"L dlPFC",-0.0175,0.0268,0.2562,-0.0698,-0.0611,-0.0174,0.0265,0.035
"L Hippocampus body",-0.0157,0.0267,0.2771,-0.0688,-0.0601,-0.0153,0.0276,0.0362
"L Hippocampus tail",-0.011,0.0263,0.3348,-0.062,-0.0542,-0.0111,0.0322,0.0412
"L Hypothalamus",-0.0387,0.0323,0.1153,-0.1034,-0.0932,-0.038,0.0136,0.0227
"L lat. OFC",-0.0214,0.0268,0.2098,-0.0739,-0.0657,-0.0213,0.0228,0.0305
"L Lobule IX",-0.0194,0.0269,0.2346,-0.0725,-0.0643,-0.0192,0.0248,0.0328
"L med. OFC",-0.0258,0.0283,0.1787,-0.0834,-0.0736,-0.0246,0.0192,0.027
"L mid/post Insula",-5e-04,0.0278,0.4812,-0.0528,-0.0446,-0.0013,0.0461,0.0564
"L PAG",-0.0261,0.0279,0.1736,-0.0822,-0.0728,-0.0256,0.019,0.0275
"L PCC",-0.021,0.027,0.22,-0.075,-0.0658,-0.0207,0.0225,0.0306
"L PCC/precuneus",-0.0186,0.0269,0.245,-0.0715,-0.0629,-0.0184,0.0253,0.0336
"L post. Caudate",-0.0101,0.0265,0.3502,-0.0622,-0.0536,-0.0101,0.0334,0.0426
"L post. Putamen",-0.0063,0.0264,0.3996,-0.057,-0.0492,-0.0067,0.0376,0.0467
"L post. Thalamus",-3e-04,0.0274,0.4862,-0.0524,-0.0441,-0.001,0.0456,0.0555
"L pre-SMA",-0.0109,0.0266,0.3378,-0.062,-0.0538,-0.0112,0.0332,0.0422
"L Ventral striatum",-6e-04,0.0274,0.4826,-0.0527,-0.0449,-0.0011,0.0449,0.0546
"M PCC",-0.0123,0.0264,0.3202,-0.0639,-0.0558,-0.0121,0.031,0.0396
"M vmPFC1",-0.0121,0.0265,0.3224,-0.0641,-0.0555,-0.0121,0.031,0.0399
"M vmPFC2",-0.0205,0.0271,0.2258,-0.0752,-0.0658,-0.02,0.0234,0.0313
"R ACC",-0.0047,0.0268,0.4218,-0.0567,-0.0487,-0.0052,0.04,0.0488
"R ant. Caudate",0.0015,0.0279,0.5147,-0.0522,-0.0442,0.0011,0.0478,0.0574
"R ant. dorsal Insula",-0.0114,0.0264,0.3306,-0.0629,-0.0548,-0.0115,0.0325,0.0405
"R ant. Hippocampus",-0.0226,0.0272,0.205,-0.077,-0.0682,-0.0222,0.0208,0.0297
"R ant. MCC",-0.0022,0.0272,0.4589,-0.0538,-0.0455,-0.0027,0.043,0.053
"R ant. Putamen",-0.0037,0.0269,0.4358,-0.0548,-0.0468,-0.0042,0.0408,0.0504
"R ant. Thalamus",0.0011,0.0274,0.5092,-0.0512,-0.0434,6e-04,0.0475,0.0563
"R ant. ventral Insula",-0.0047,0.0267,0.4244,-0.0568,-0.0484,-0.0049,0.0396,0.0482
"R BLBM Amygdala",-0.0233,0.0277,0.1968,-0.078,-0.0693,-0.0231,0.022,0.0308
"R BST",0.0023,0.0288,0.5282,-0.0534,-0.0442,0.0019,0.0497,0.0592
"R CeMe Amygdala",-0.0135,0.027,0.3034,-0.0653,-0.0574,-0.0137,0.031,0.0403
"R dlPFC",-0.0107,0.0271,0.3394,-0.0632,-0.0549,-0.0111,0.0347,0.0434
"R Hippocampus body",-0.0149,0.0266,0.2842,-0.0677,-0.0586,-0.0146,0.0285,0.0369
"R Hippocampus tail",-0.0124,0.0266,0.3204,-0.0646,-0.0564,-0.0124,0.0314,0.0391
"R Hypothalamus",-0.0332,0.0316,0.142,-0.0956,-0.0855,-0.0328,0.0179,0.0272
"R lat. OFC",-0.0249,0.0276,0.1806,-0.08,-0.071,-0.0244,0.0196,0.0277
"R Lobule IX",-0.0144,0.0264,0.2934,-0.0661,-0.0576,-0.0143,0.0288,0.0379
"R med. OFC",-0.0185,0.0268,0.244,-0.0714,-0.0626,-0.0184,0.0251,0.0337
"R mid/post Insula",-0.0049,0.0269,0.421,-0.0563,-0.0484,-0.0053,0.0404,0.0494
"R PAG",-0.0313,0.029,0.1342,-0.091,-0.0802,-0.0305,0.0147,0.0233
"R PCC",-0.0188,0.0268,0.2415,-0.0732,-0.0632,-0.0184,0.0249,0.0328
"R PCC/precuneus",-0.0199,0.0269,0.2284,-0.0737,-0.0644,-0.0194,0.0238,0.0322
"R post. Caudate",-0.0101,0.0263,0.346,-0.0613,-0.0532,-0.0102,0.0335,0.0417
"R post. Putamen",-0.0077,0.0265,0.381,-0.0592,-0.0507,-0.0082,0.0362,0.0454
"R post. Thalamus",-7e-04,0.0273,0.476,-0.0534,-0.0445,-0.0015,0.0453,0.0546
"R pre-SMA",-0.0077,0.0268,0.3779,-0.0595,-0.051,-0.0082,0.0369,0.046
"R Ventral striatum",-0.0104,0.0273,0.3527,-0.0646,-0.0555,-0.0103,0.0338,0.0425
