"mean","SD","P+","2.5%","5%","50%","95%","97.5%"
"L__d_ant/lat_Thalamus",0.1575,0.1121,0.9203,-0.0614,-0.0263,0.1578,0.3417,0.3783
"L__d_ant/med_Thalamus",-0.0085,0.1125,0.4688,-0.2287,-0.1939,-0.0087,0.176,0.2135
"L__v_med/post_Thalamus",-0.053,0.1071,0.3094,-0.2639,-0.2286,-0.0535,0.1221,0.157
"L_ACC",0.1898,0.1024,0.9679,-0.011,0.0207,0.1902,0.3577,0.391
"L_ant._Caudate",0.192,0.1063,0.9661,-0.0144,0.0185,0.1918,0.3672,0.3998
"L_ant._dorsal_Insula",0.1508,0.1043,0.9274,-0.0543,-0.02,0.1508,0.3212,0.3559
"L_ant._Hippocampus",-0.6108,0.1151,0,-0.8333,-0.7985,-0.6112,-0.4205,-0.3853
"L_ant._MCC",0.5709,0.1085,1,0.3563,0.393,0.5715,0.7487,0.7816
"L_ant._Putamen",0.0183,0.1071,0.5693,-0.192,-0.1581,0.0185,0.1951,0.2289
"L_ant._ventral_Insula",-0.0278,0.1067,0.3956,-0.2371,-0.2022,-0.0283,0.1471,0.1828
"L_BLBM_Amygdala",-0.1531,0.1163,0.0942,-0.3818,-0.345,-0.1532,0.04,0.0772
"L_BST",0.4078,0.1352,0.9987,0.144,0.1859,0.4085,0.6308,0.6748
"L_CeMe_Amygdala",-0.3478,0.1254,0.0027,-0.5934,-0.5543,-0.3474,-0.1429,-0.1025
"L_CrusI-krienen",-0.2702,0.1222,0.0134,-0.5079,-0.4703,-0.2703,-0.0697,-0.0312
"L_CrusI-shackman",0.0948,0.1104,0.8034,-0.1216,-0.0873,0.0956,0.2757,0.311
"L_dlPFC",0.0996,0.1089,0.8192,-0.1136,-0.0792,0.0994,0.2773,0.3127
"L_FEF",-0.1467,0.1123,0.0962,-0.3649,-0.3306,-0.1467,0.0373,0.0733
"L_Hippocampus_body",-0.3191,0.1081,0.0016,-0.5314,-0.4963,-0.3188,-0.1411,-0.1071
"L_Hippocampus_tail",-0.1697,0.1068,0.0566,-0.379,-0.3436,-0.1697,0.006,0.0404
"L_Hypothalamus",0.2101,0.1284,0.9483,-0.0434,-0.0024,0.2106,0.4192,0.4599
"L_IFG-1",-0.3404,0.1079,0.001,-0.5515,-0.5181,-0.3398,-0.1639,-0.1314
"L_IFG-2",-0.3729,0.1116,4e-04,-0.5926,-0.5562,-0.3728,-0.1881,-0.1526
"L_IFG-3",-0.1022,0.1181,0.1933,-0.3327,-0.2965,-0.1024,0.0917,0.1291
"L_IFG-4",-0.6058,0.1264,0,-0.8526,-0.8121,-0.6057,-0.3976,-0.3562
"L_IFG-5",0.3413,0.1088,0.9989,0.128,0.1631,0.3411,0.5212,0.5572
"L_IFG-6",0.2039,0.1175,0.9603,-0.0252,0.0127,0.204,0.3959,0.435
"L_lat._OFC",-0.3342,0.1142,0.0016,-0.5588,-0.5222,-0.334,-0.1453,-0.1108
"L_med._OFC",-0.2941,0.1096,0.0037,-0.5075,-0.4718,-0.2944,-0.1132,-0.0774
"L_mid/post_Insula",-0.1326,0.1031,0.0975,-0.3333,-0.3015,-0.1333,0.0379,0.0711
"L_PAG",0.2282,0.1192,0.973,-0.0038,0.0325,0.2277,0.4247,0.4614
"L_PCC",-0.643,0.1195,0,-0.8756,-0.8377,-0.6431,-0.4466,-0.4086
"L_PCC/precuneus",-1.0802,0.1573,0,-1.3867,-1.3387,-1.0808,-0.8218,-0.7721
"L_post._Caudate",-0.0192,0.1066,0.4271,-0.2266,-0.1934,-0.0192,0.1561,0.1912
"L_post._MCC",0.0201,0.1037,0.5775,-0.1831,-0.151,0.0202,0.1903,0.2228
"L_post._Putamen",-0.3003,0.1136,0.0047,-0.524,-0.4868,-0.3006,-0.1141,-0.0788
"L_pre-SMA",0.0904,0.113,0.7903,-0.1321,-0.0956,0.0905,0.2759,0.3119
"L_pregenual_ACC",0.0259,0.106,0.5974,-0.1826,-0.1484,0.0251,0.2015,0.2352
"L_v_ant/inf_Thalamus",0.2213,0.1066,0.9805,0.0105,0.0453,0.221,0.3972,0.4311
"L_v_ant/sup_Thalamus",0.1444,0.1352,0.8569,-0.1183,-0.0774,0.1443,0.3681,0.4078
"L_v_lat/post_Thalamus",-0.4327,0.1201,1e-04,-0.6654,-0.6297,-0.4329,-0.2336,-0.1961
"L_Ventral_striatum",0.0503,0.1099,0.6767,-0.1644,-0.1302,0.0504,0.2321,0.2668
"M_PCC",-0.5902,0.1285,0,-0.8445,-0.8033,-0.589,-0.3803,-0.3402
"M_vmPFC1",-0.4814,0.1262,1e-04,-0.7289,-0.6892,-0.4812,-0.2745,-0.2332
"M_vmPFC2",-0.0338,0.1126,0.3788,-0.251,-0.2179,-0.0339,0.1525,0.1877
"R_ACC",0.2721,0.1058,0.9943,0.0638,0.0978,0.2724,0.4461,0.48
"R_ant._Caudate",0.2828,0.1056,0.996,0.0763,0.1091,0.283,0.4574,0.4909
"R_ant._dorsal_Insula",0.2418,0.1046,0.9896,0.0388,0.0706,0.2417,0.4139,0.4472
"R_ant._Hippocampus",-0.6001,0.111,0,-0.8184,-0.7821,-0.5998,-0.418,-0.3825
"R_ant._MCC",0.5946,0.1113,1,0.3784,0.4114,0.5947,0.7756,0.8117
"R_ant._Putamen",0.1397,0.1077,0.9046,-0.0709,-0.0378,0.1389,0.3175,0.3508
"R_ant._ventral_Insula",0.0765,0.1081,0.761,-0.1356,-0.1013,0.0765,0.2546,0.2886
"R_BLBM_Amygdala",-0.2203,0.1138,0.0268,-0.4429,-0.4065,-0.2208,-0.0333,0.0038
"R_BST",0.5626,0.132,1,0.3061,0.3472,0.5615,0.78,0.8238
"R_CeMe_Amygdala",-0.2293,0.1215,0.0293,-0.4671,-0.4288,-0.2294,-0.0292,0.0078
"R_CrusI-krienen",-0.3232,0.1186,0.0028,-0.5574,-0.5182,-0.3231,-0.1286,-0.0926
"R_CrusI-shackman",0.1054,0.1048,0.8437,-0.0978,-0.0656,0.105,0.277,0.3134
"R_d_ant/lat_Thalamus",-0.0122,0.1108,0.4558,-0.2271,-0.1927,-0.0118,0.1709,0.2075
"R_d_ant/med_Thalamus",-0.0459,0.1087,0.3359,-0.2598,-0.2252,-0.046,0.1317,0.1665
"R_dlPFC",0.2931,0.1067,0.9967,0.0836,0.1171,0.293,0.4683,0.5007
"R_FEF",-0.1959,0.1102,0.0386,-0.4112,-0.3773,-0.1957,-0.0145,0.0199
"R_Hippocampus_body",-0.1926,0.1069,0.0348,-0.4017,-0.3684,-0.1927,-0.0175,0.0158
"R_Hippocampus_tail",-0.1632,0.106,0.0615,-0.3713,-0.3368,-0.1632,0.012,0.0459
"R_Hypothalamus",0.1097,0.1231,0.814,-0.1308,-0.0936,0.1094,0.3136,0.3533
"R_IFG-1",-0.0938,0.1074,0.1884,-0.3057,-0.2706,-0.0936,0.0829,0.1171
"R_IFG-2",-0.4628,0.1117,0,-0.6798,-0.6455,-0.4636,-0.2781,-0.2421
"R_IFG-3",0.3556,0.1182,0.9986,0.1249,0.1612,0.3552,0.5506,0.5875
"R_IFG-4",-0.1807,0.123,0.0705,-0.4211,-0.3839,-0.1808,0.0209,0.0619
"R_IFG-5",0.6206,0.1094,1,0.4063,0.4416,0.6205,0.8013,0.8358
"R_IFG-6",0.0026,0.1121,0.5087,-0.2172,-0.183,0.0025,0.1867,0.2232
"R_lat._OFC",-0.38,0.1266,0.0015,-0.6298,-0.5879,-0.3808,-0.1718,-0.1316
"R_med._OFC",-0.2477,0.108,0.0107,-0.4597,-0.4236,-0.2486,-0.07,-0.0353
"R_mid/post_Insula",-0.1535,0.1046,0.072,-0.3582,-0.325,-0.1537,0.0202,0.0541
"R_PAG",0.2525,0.1218,0.9803,0.0119,0.0519,0.253,0.453,0.4922
"R_PCC",-1.0231,0.1323,0,-1.2847,-1.2393,-1.0217,-0.8074,-0.7657
"R_PCC/precuneus",-1.2193,0.1508,0,-1.5168,-1.4668,-1.22,-0.9722,-0.9241
"R_post._Caudate",-0.1122,0.1126,0.1575,-0.3322,-0.2975,-0.1117,0.0735,0.1076
"R_post._MCC",0.1942,0.1093,0.9631,-0.0189,0.0157,0.1941,0.3741,0.4082
"R_post._Putamen",-0.1922,0.1099,0.04,-0.4073,-0.3727,-0.1929,-0.0113,0.0226
"R_pre-SMA",0.3688,0.116,0.9993,0.1427,0.1785,0.3682,0.5605,0.5975
"R_pregenual_ACC",0.0655,0.1071,0.7321,-0.1443,-0.1102,0.0654,0.2417,0.2771
"R_v_ant/inf_Thalamus",0.2823,0.1083,0.995,0.0704,0.1044,0.282,0.4599,0.4957
"R_v_ant/sup_Thalamus",0.3458,0.1271,0.997,0.0953,0.1371,0.3456,0.5569,0.5962
"R_v_lat/post_Thalamus",-0.3182,0.1233,0.005,-0.5577,-0.5196,-0.319,-0.1132,-0.0752
"R_v_med/post_Thalamus",0.078,0.106,0.7706,-0.13,-0.0961,0.0785,0.2534,0.2873
"R_Ventral_striatum",0.1364,0.1109,0.8907,-0.0806,-0.0453,0.1364,0.3189,0.3541
